# dev accuracy: 0.8291284403669725
9.390621185302734375e-01
4.438764750957489014e-01
9.564623236656188965e-01
3.399484157562255859e-01
2.120334804058074951e-01
8.282442092895507812e-01
8.477018475532531738e-01
1.795304715633392334e-01
5.870363116264343262e-01
3.049149811267852783e-01
4.231856390833854675e-02
2.295802533626556396e-01
9.276915192604064941e-01
9.998225569725036621e-01
2.964548468589782715e-01
9.841868281364440918e-01
7.661321759223937988e-01
7.160542607307434082e-01
6.519976258277893066e-02
9.681039452552795410e-01
7.825211286544799805e-01
2.880584895610809326e-01
8.122766017913818359e-01
2.179460376501083374e-01
1.596574783325195312e-01
6.960523128509521484e-01
6.954257488250732422e-01
1.839469522237777710e-01
4.893340468406677246e-01
2.303946763277053833e-01
6.038036569952964783e-02
1.462948173284530640e-01
9.065413475036621094e-01
9.976961016654968262e-01
3.064961731433868408e-01
9.337235689163208008e-01
7.525379061698913574e-01
6.020496487617492676e-01
6.301866471767425537e-02
8.881178498268127441e-01
9.492963552474975586e-01
4.575194120407104492e-01
9.258978962898254395e-01
4.505337774753570557e-01
3.043182492256164551e-01
9.450381994247436523e-01
9.487232565879821777e-01
4.294188916683197021e-01
7.960008978843688965e-01
5.519939064979553223e-01
1.343985795974731445e-01
3.613782227039337158e-01
9.655495882034301758e-01
9.995852112770080566e-01
3.403085172176361084e-01
9.951785802841186523e-01
9.392347335815429688e-01
8.902208209037780762e-01
4.319414496421813965e-02
9.776123166084289551e-01
9.990103244781494141e-01
8.919768333435058594e-01
9.981310963630676270e-01
9.591516256332397461e-01
8.971796035766601562e-01
9.971029162406921387e-01
9.969764947891235352e-01
8.935185074806213379e-01
9.900103211402893066e-01
9.609318971633911133e-01
4.137913286685943604e-01
9.224317073822021484e-01
9.983207583427429199e-01
9.999952316284179688e-01
9.314405918121337891e-01
9.999580383300781250e-01
9.910271763801574707e-01
9.728321433067321777e-01
1.404315531253814697e-01
9.997631907463073730e-01
9.453392624855041504e-01
1.666457951068878174e-01
9.454801082611083984e-01
2.737345993518829346e-01
1.079508662223815918e-01
8.584447503089904785e-01
8.186532258987426758e-01
1.134968996047973633e-01
5.342538356781005859e-01
2.787575125694274902e-01
1.081105694174766541e-02
1.667612046003341675e-01
8.815635442733764648e-01
9.998803138732910156e-01
2.869756817817687988e-01
9.987770915031433105e-01
4.452812671661376953e-01
4.766724109649658203e-01
4.798023495823144913e-03
9.781125187873840332e-01
9.993814229965209961e-01
9.278126358985900879e-01
9.991232752799987793e-01
9.305444359779357910e-01
8.192908167839050293e-01
9.962800145149230957e-01
9.968518614768981934e-01
8.003748655319213867e-01
9.782066345214843750e-01
9.356098771095275879e-01
2.921501398086547852e-01
8.558247685432434082e-01
9.974595904350280762e-01
9.999983310699462891e-01
7.499081492424011230e-01
9.999344348907470703e-01
9.893319606781005859e-01
9.606446027755737305e-01
2.469200789928436279e-01
9.996951818466186523e-01
9.882842302322387695e-01
5.057774186134338379e-01
9.836034774780273438e-01
7.079122066497802734e-01
5.300993919372558594e-01
9.872776865959167480e-01
9.911462664604187012e-01
4.986442923545837402e-01
9.274599552154541016e-01
7.999728322029113770e-01
1.001560389995574951e-01
6.334677338600158691e-01
9.766070246696472168e-01
9.999783039093017578e-01
2.887597680091857910e-01
9.995144605636596680e-01
9.316649436950683594e-01
7.373861670494079590e-01
1.556805055588483810e-02
9.956623911857604980e-01
9.738982319831848145e-01
4.992195367813110352e-01
9.798502922058105469e-01
5.885306000709533691e-01
3.941919803619384766e-01
9.328193068504333496e-01
9.496282935142517090e-01
3.514342010021209717e-01
8.390613198280334473e-01
6.027212738990783691e-01
9.267483651638031006e-02
4.708090424537658691e-01
9.727216958999633789e-01
9.999260902404785156e-01
5.287355780601501465e-01
9.968649744987487793e-01
8.535014390945434570e-01
7.570812106132507324e-01
7.026384770870208740e-02
9.934933781623840332e-01
3.375677159056067467e-03
2.266054973006248474e-03
5.364011041820049286e-03
3.018114482983946800e-03
2.265970688313245773e-03
1.491069886833429337e-02
1.069924794137477875e-02
2.699748147279024124e-03
5.310622975230216980e-03
2.573219360783696175e-03
1.955318031832575798e-03
2.123857149854302406e-03
9.844207204878330231e-03
1.903042942285537720e-01
5.023928824812173843e-03
1.942546851933002472e-02
1.105966791510581970e-02
7.927584461867809296e-03
4.401461628731340170e-04
6.859504617750644684e-03
5.017780512571334839e-02
2.817791886627674103e-02
8.553358912467956543e-02
2.194075472652912140e-02
1.709651015698909760e-02
1.175778210163116455e-01
9.497402608394622803e-02
2.051096968352794647e-02
6.382104009389877319e-02
2.326455898582935333e-02
1.049404125660657883e-02
1.690234243869781494e-02
1.410254985094070435e-01
6.759629249572753906e-01
5.036025121808052063e-02
2.292373627424240112e-01
6.524270027875900269e-02
2.246633619070053101e-01
6.990085821598768234e-03
6.796864420175552368e-02
8.651947379112243652e-01
2.249782830476760864e-01
8.781120777130126953e-01
1.674992442131042480e-01
8.622273802757263184e-02
6.802226901054382324e-01
7.043113708496093750e-01
7.117684185504913330e-02
3.751740157604217529e-01
1.517436653375625610e-01
1.900686137378215790e-02
1.053274348378181458e-01
8.334257006645202637e-01
9.996055960655212402e-01
2.434952110052108765e-01
9.891153573989868164e-01
6.084259152412414551e-01
5.438238978385925293e-01
1.199290063232183456e-02
9.362428784370422363e-01
2.713346853852272034e-02
6.533973384648561478e-03
5.402422696352005005e-02
4.150995519012212753e-03
1.680720015428960323e-03
7.997688837349414825e-03
7.044803816825151443e-03
1.427288516424596310e-03
3.276697825640439987e-03
2.853721147403120995e-03
8.575905230827629566e-04
1.532299676910042763e-03
1.840281113982200623e-02
6.098505854606628418e-01
4.876268561929464340e-03
9.217780828475952148e-02
8.478497155010700226e-03
1.347330771386623383e-02
7.837422890588641167e-04
4.797099158167839050e-02
6.856650859117507935e-02
1.738968864083290100e-02
9.876303374767303467e-02
1.300692930817604065e-02
8.693704381585121155e-03
8.210267871618270874e-02
7.187200337648391724e-02
9.293700568377971649e-03
2.854550257325172424e-02
1.142983604222536087e-02
3.228059737011790276e-03
8.382678031921386719e-03
9.128696471452713013e-02
9.488468766212463379e-01
1.033346727490425110e-02
3.299606442451477051e-01
5.639809370040893555e-02
8.743920177221298218e-02
3.419528715312480927e-03
1.232326403260231018e-01
9.991826415061950684e-01
9.109597206115722656e-01
9.978029131889343262e-01
9.023025035858154297e-01
8.617122769355773926e-01
9.959157109260559082e-01
9.983629584312438965e-01
8.893567919731140137e-01
9.895126223564147949e-01
9.589473009109497070e-01
6.202425360679626465e-01
9.250494241714477539e-01
9.992371797561645508e-01
9.999936819076538086e-01
6.584681868553161621e-01
9.997188448905944824e-01
9.969183206558227539e-01
9.778931736946105957e-01
3.944406807422637939e-01
9.996942281723022461e-01
3.215928375720977783e-01
1.132800877094268799e-01
4.013788104057312012e-01
6.926533579826354980e-02
4.963224381208419800e-02
3.512166738510131836e-01
3.489004969596862793e-01
4.594798758625984192e-02
1.451244354248046875e-01
6.121689826250076294e-02
2.299249544739723206e-02
4.569891467690467834e-02
3.123873770236968994e-01
9.879355430603027344e-01
4.919730499386787415e-02
6.625590920448303223e-01
2.899570167064666748e-01
3.084204494953155518e-01
1.879470422863960266e-02
3.356885313987731934e-01
9.999885559082031250e-01
9.973031282424926758e-01
9.999740123748779297e-01
9.992069602012634277e-01
9.985414743423461914e-01
9.999648332595825195e-01
9.999876022338867188e-01
9.981260895729064941e-01
9.998754262924194336e-01
9.996265172958374023e-01
9.846202135086059570e-01
9.992590546607971191e-01
9.999732971191406250e-01
1.000000000000000000e+00
9.719307422637939453e-01
9.999994039535522461e-01
9.999462366104125977e-01
9.993108510971069336e-01
9.062182903289794922e-01
9.999966621398925781e-01
3.053990937769412994e-02
1.456144917756319046e-02
2.851882204413414001e-02
1.669531688094139099e-02
1.671291515231132507e-02
1.138509064912796021e-01
1.727950572967529297e-01
2.097396925091743469e-02
7.905177026987075806e-02
2.624199166893959045e-02
1.729001477360725403e-02
2.156570367515087128e-02
9.158761799335479736e-02
4.956476390361785889e-01
5.781537387520074844e-03
8.350833505392074585e-02
1.514117270708084106e-01
7.534755021333694458e-02
2.681228099390864372e-03
4.647254198789596558e-02
1.054560095071792603e-01
2.938694506883621216e-02
1.568523049354553223e-01
1.459593325853347778e-02
9.473172016441822052e-03
1.089312061667442322e-01
8.660849183797836304e-02
1.822099275887012482e-02
4.594634473323822021e-02
1.472186297178268433e-02
5.772606004029512405e-03
9.492130950093269348e-03
2.791591882705688477e-01
9.408730864524841309e-01
4.584773629903793335e-02
3.270468413829803467e-01
1.762907654047012329e-01
2.855663001537322998e-01
2.335181459784507751e-03
1.992478519678115845e-01
2.486449629068374634e-01
4.039766639471054077e-02
3.127627074718475342e-01
1.793719083070755005e-02
1.075863465666770935e-02
9.515789896249771118e-02
7.465976476669311523e-02
1.440772041678428650e-02
5.263543128967285156e-02
1.725081168115139008e-02
4.119627177715301514e-03
1.265281531959772110e-02
4.106857478618621826e-01
9.722579717636108398e-01
1.090899258852005005e-01
7.566268444061279297e-01
9.794569015502929688e-02
1.361923813819885254e-01
2.659934805706143379e-03
5.319671630859375000e-01
8.805543184280395508e-01
2.890111505985260010e-01
8.163127899169921875e-01
1.615217179059982300e-01
1.253819614648818970e-01
7.544360160827636719e-01
8.090064525604248047e-01
2.059803754091262817e-01
5.958306789398193359e-01
2.608406245708465576e-01
9.626881033182144165e-02
1.832531541585922241e-01
9.443329572677612305e-01
9.987272620201110840e-01
1.461879462003707886e-01
9.768434762954711914e-01
9.160374999046325684e-01
7.612726688385009766e-01
2.559803798794746399e-02
9.463614821434020996e-01
9.652174115180969238e-01
8.803322911262512207e-01
9.857185482978820801e-01
5.569977760314941406e-01
6.481951475143432617e-01
8.489028215408325195e-01
9.617267847061157227e-01
5.694628953933715820e-01
8.817008733749389648e-01
6.620388627052307129e-01
2.777673006057739258e-01
5.183869600296020508e-01
9.452710747718811035e-01
9.996542930603027344e-01
4.157463610172271729e-01
8.126832842826843262e-01
9.997405409812927246e-01
9.533104896545410156e-01
9.966405630111694336e-01
8.794716559350490570e-03
8.363816738128662109e-01
6.211563348770141602e-01
8.902431130409240723e-01
2.357032299041748047e-01
3.504531383514404297e-01
7.167385816574096680e-01
8.816134929656982422e-01
3.413199782371520996e-01
7.725873589515686035e-01
3.471814990043640137e-01
1.992306709289550781e-01
2.389491349458694458e-01
8.521265387535095215e-01
9.958171248435974121e-01
3.945970535278320312e-01
6.888911128044128418e-01
9.972531199455261230e-01
8.927878737449645996e-01
9.813465476036071777e-01
2.864765934646129608e-03
9.737690091133117676e-01
8.982917666435241699e-01
9.705066084861755371e-01
6.060263514518737793e-01
7.737434506416320801e-01
9.485890269279479980e-01
9.853910207748413086e-01
8.378109335899353027e-01
9.626290798187255859e-01
8.228225708007812500e-01
6.001155376434326172e-01
6.920337677001953125e-01
9.731470942497253418e-01
9.989733695983886719e-01
4.124503731727600098e-01
9.787248969078063965e-01
9.994928836822509766e-01
9.928846955299377441e-01
9.956047534942626953e-01
4.754925146698951721e-03
9.994876384735107422e-01
9.946278929710388184e-01
9.993366599082946777e-01
9.877814054489135742e-01
9.893798232078552246e-01
9.956730008125305176e-01
9.989405274391174316e-01
9.903908967971801758e-01
9.976760745048522949e-01
9.956467747688293457e-01
9.475648999214172363e-01
9.880909919738769531e-01
9.991311430931091309e-01
9.999910593032836914e-01
9.571861624717712402e-01
9.994727969169616699e-01
9.999734163284301758e-01
9.993593096733093262e-01
9.998794794082641602e-01
7.526685949414968491e-03
9.728738665580749512e-01
7.380696535110473633e-01
9.789050221443176270e-01
5.302472710609436035e-01
5.322235822677612305e-01
8.078960180282592773e-01
9.336332678794860840e-01
5.595030784606933594e-01
8.267610669136047363e-01
6.785209178924560547e-01
1.725583374500274658e-01
5.424214005470275879e-01
9.349223971366882324e-01
9.997822642326354980e-01
4.184948801994323730e-01
9.695104956626892090e-01
9.986394047737121582e-01
9.429379701614379883e-01
9.918111562728881836e-01
1.088962540961802006e-03
9.997451901435852051e-01
9.974939823150634766e-01
9.997435212135314941e-01
9.821580648422241211e-01
9.847441315650939941e-01
9.957405328750610352e-01
9.989231228828430176e-01
9.867750406265258789e-01
9.953820109367370605e-01
9.914444088935852051e-01
8.678442835807800293e-01
9.717142581939697266e-01
9.990880489349365234e-01
9.999961853027343750e-01
8.373440504074096680e-01
9.988712668418884277e-01
9.999938011169433594e-01
9.990587830543518066e-01
9.999523162841796875e-01
8.676015585660934448e-02
9.958443045616149902e-01
9.711095094680786133e-01
9.968523383140563965e-01
9.125325679779052734e-01
9.444922208786010742e-01
9.831941127777099609e-01
9.969131946563720703e-01
9.489002227783203125e-01
9.872489571571350098e-01
9.488303065299987793e-01
6.148340702056884766e-01
9.087082147598266602e-01
9.925978183746337891e-01
9.999303817749023438e-01
3.968547582626342773e-01
9.917226433753967285e-01
9.998766183853149414e-01
9.905202388763427734e-01
9.993176460266113281e-01
1.567152910865843296e-03
9.844096899032592773e-01
9.299967885017395020e-01
9.941338896751403809e-01
7.961717247962951660e-01
8.351793289184570312e-01
9.286072850227355957e-01
9.834986329078674316e-01
8.244225382804870605e-01
9.605644941329956055e-01
8.759052753448486328e-01
5.558956861495971680e-01
7.918007373809814453e-01
9.829164147377014160e-01
9.998376369476318359e-01
6.561551690101623535e-01
9.532614350318908691e-01
9.995075464248657227e-01
9.787998199462890625e-01
9.977445602416992188e-01
4.812800791114568710e-03
4.011223092675209045e-03
1.949726021848618984e-03
6.701752077788114548e-03
1.756608486175537109e-03
2.913710195571184158e-03
2.135559357702732086e-02
3.075598180294036865e-02
2.626041648909449577e-03
1.318014040589332581e-02
2.340834122151136398e-03
3.340715076774358749e-03
2.050064504146575928e-03
2.889626426622271538e-03
1.203912869095802307e-01
6.646317895501852036e-03
1.147502008825540543e-02
1.471493989229202271e-01
1.611308380961418152e-02
1.989672333002090454e-02
3.755026045837439597e-05
5.929576233029365540e-02
3.926713019609451294e-02
1.073677688837051392e-01
1.830381341278553009e-02
3.592329472303390503e-02
1.649765819311141968e-01
2.855094075202941895e-01
3.257890045642852783e-02
2.064226269721984863e-01
2.565909922122955322e-02
2.813770063221454620e-02
2.518838457763195038e-02
8.004928380250930786e-02
5.749611258506774902e-01
7.020149379968643188e-02
9.656904637813568115e-02
7.736268639564514160e-01
1.939565688371658325e-01
3.361336588859558105e-01
6.906668422743678093e-04
9.348497986793518066e-01
7.221343517303466797e-01
9.650636315345764160e-01
3.735418021678924561e-01
4.411549568176269531e-01
7.899125218391418457e-01
9.247134923934936523e-01
4.186455309391021729e-01
7.863471508026123047e-01
5.203733444213867188e-01
1.587296724319458008e-01
3.142100870609283447e-01
8.516917228698730469e-01
9.993616938591003418e-01
3.518487215042114258e-01
8.528565764427185059e-01
9.992266893386840820e-01
9.293124675750732422e-01
9.900386333465576172e-01
1.390582532621920109e-03
4.134095832705497742e-02
1.870578154921531677e-02
9.610408544540405273e-02
6.093049421906471252e-03
6.090056151151657104e-03
2.237730100750923157e-02
3.125335276126861572e-02
4.608360119163990021e-03
1.126456540077924728e-02
6.682812236249446869e-03
2.844402100890874863e-03
2.386149251833558083e-03
2.337825112044811249e-02
7.570814490318298340e-01
6.865120492875576019e-03
1.798823475837707520e-02
7.139105796813964844e-01
3.634506464004516602e-02
1.477545350790023804e-01
3.603312652558088303e-04
1.113512888550758362e-01
5.671272054314613342e-02
2.225675135850906372e-01
1.720210164785385132e-02
3.057237155735492706e-02
1.385092437267303467e-01
2.671315371990203857e-01
2.693814784288406372e-02
1.317464560270309448e-01
2.587339654564857483e-02
1.327183842658996582e-02
1.652070693671703339e-02
8.865574747323989868e-02
9.021351933479309082e-01
1.463670004159212112e-02
7.333333045244216919e-02
9.557041525840759277e-01
2.184852957725524902e-01
5.093523263931274414e-01
1.386373536661267281e-03
9.996283054351806641e-01
9.980997443199157715e-01
9.993465542793273926e-01
9.801181554794311523e-01
9.926339983940124512e-01
9.944577217102050781e-01
9.994277358055114746e-01
9.949305653572082520e-01
9.982386827468872070e-01
9.933449029922485352e-01
9.703661799430847168e-01
9.895785450935363770e-01
9.997779726982116699e-01
9.999786615371704102e-01
7.347649335861206055e-01
9.980839490890502930e-01
9.999852180480957031e-01
9.995964169502258301e-01
9.999645948410034180e-01
4.800090938806533813e-02
5.086390376091003418e-01
2.937005162239074707e-01
6.333767771720886230e-01
1.137113869190216064e-01
1.708648651838302612e-01
5.659531354904174805e-01
7.230115532875061035e-01
1.672950088977813721e-01
4.843884110450744629e-01
1.371495872735977173e-01
7.439745217561721802e-02
9.461267292499542236e-02
3.245453238487243652e-01
9.783332347869873047e-01
6.947352737188339233e-02
2.927968800067901611e-01
9.901313781738281250e-01
5.805450081825256348e-01
8.988896608352661133e-01
6.029271520674228668e-03
9.999966621398925781e-01
9.999696016311645508e-01
9.999955892562866211e-01
9.998860359191894531e-01
9.999443292617797852e-01
9.999257326126098633e-01
9.999942779541015625e-01
9.999330043792724609e-01
9.999731779098510742e-01
9.999547004699707031e-01
9.993520379066467285e-01
9.999042749404907227e-01
9.999947547912597656e-01
9.999998807907104492e-01
9.832471013069152832e-01
9.999855756759643555e-01
9.999998807907104492e-01
9.999910593032836914e-01
9.999996423721313477e-01
2.845986485481262207e-01
4.566908627748489380e-02
4.053924977779388428e-02
5.615041404962539673e-02
2.190778777003288269e-02
5.758604779839515686e-02
1.635223776102066040e-01
3.732916712760925293e-01
6.458329409360885620e-02
2.699618935585021973e-01
4.473641514778137207e-02
5.243591964244842529e-02
4.586239531636238098e-02
9.439729154109954834e-02
2.712052762508392334e-01
6.691386457532644272e-03
1.114847660064697266e-01
5.214110612869262695e-01
2.648953199386596680e-01
1.887209564447402954e-01
1.968887518160045147e-04
1.409583091735839844e-01
7.089424133300781250e-02
2.337138056755065918e-01
1.165188569575548172e-02
2.806578017771244049e-02
1.823751181364059448e-01
3.888428509235382080e-01
2.818666584789752960e-02
2.196912020444869995e-01
2.257778123021125793e-02
2.786001563072204590e-02
1.912750303745269775e-02
1.778492480516433716e-01
8.780558705329895020e-01
7.460699230432510376e-02
1.058759093284606934e-01
9.535591006278991699e-01
4.695699214935302734e-01
6.425580382347106934e-01
2.277623279951512814e-04
3.004640340805053711e-01
1.440176963806152344e-01
5.259883403778076172e-01
3.481684625148773193e-02
4.512563720345497131e-02
1.820125281810760498e-01
2.805825769901275635e-01
5.489348992705345154e-02
1.938088685274124146e-01
6.297038495540618896e-02
2.954317070543766022e-02
3.771979734301567078e-02
2.909019589424133301e-01
9.487987756729125977e-01
1.507525742053985596e-01
2.594010829925537109e-01
8.983461260795593262e-01
4.401112198829650879e-01
6.486203074455261230e-01
3.827833279501646757e-04
9.326404929161071777e-01
8.274351358413696289e-01
9.299705624580383301e-01
3.654851317405700684e-01
6.236042380332946777e-01
8.460065126419067383e-01
9.689013957977294922e-01
6.828366518020629883e-01
9.139145612716674805e-01
5.785498023033142090e-01
5.698373317718505859e-01
5.328177213668823242e-01
9.632928967475891113e-01
9.973345994949340820e-01
2.148827463388442993e-01
8.445814847946166992e-01
9.986453652381896973e-01
9.774082303047180176e-01
9.918305277824401855e-01
2.150346525013446808e-03
