# dev accuracy: 0.8268348623853211
4.331163687844506449e-01
6.044561415306834995e-01
5.952576359540457940e-01
4.941808249713406376e-01
6.710240354666813234e-01
3.412422759306733000e-01
5.063898589304924869e-01
5.946074718921238178e-01
4.515798163119641995e-01
5.073651667901022400e-01
4.515798163119641995e-01
3.760032801219319598e-01
5.132898022412621941e-01
4.915989549192618102e-01
4.233781998472145869e-01
7.303742310353356082e-01
3.981799913073455488e-01
5.088146481191617720e-01
4.915989549192618102e-01
4.915989549192618102e-01
3.976914217265145046e-01
5.867813992687460622e-01
5.759128631151120281e-01
4.709217612775093986e-01
6.597666736760006145e-01
3.151609898031191848e-01
4.860255912334419115e-01
5.782707399513259405e-01
4.187512294946176827e-01
4.852820128426271751e-01
4.187512294946176827e-01
3.479064005061591747e-01
4.802375288873005910e-01
4.582373853534726371e-01
4.007802253911818546e-01
7.246148157834269021e-01
3.685801112389148204e-01
4.743164002654847167e-01
4.582373853534726371e-01
4.582373853534726371e-01
3.941353411847615673e-01
5.721311807010167616e-01
5.610267837845414052e-01
4.627062845749015385e-01
6.442086272522581369e-01
3.139336494527665833e-01
4.775684241423484022e-01
5.658589818503955149e-01
4.135161374052936933e-01
4.764787817584056340e-01
4.135161374052936933e-01
3.456955442553463764e-01
4.703368104747192580e-01
4.502374127211071775e-01
3.957931198693330765e-01
7.016087201198184520e-01
3.656704070117502425e-01
4.649107928345161955e-01
4.502374127211071775e-01
4.502374127211071775e-01
6.621755416545231920e-01
7.886155553878536617e-01
7.903634857927849255e-01
6.765493290158971496e-01
8.231508628301775765e-01
5.018013269957819489e-01
6.731091062542869929e-01
7.589916015028698171e-01
6.742924320864258636e-01
6.859864104949209285e-01
6.742924320864258636e-01
5.541399361816883307e-01
7.621372112184209291e-01
7.322100784339965474e-01
5.844803095628225975e-01
8.919210476340446725e-01
5.891240811148598100e-01
7.635702696700383818e-01
7.322100784339965474e-01
7.322100784339965474e-01
4.335892274219811382e-01
6.048661151273938552e-01
5.956903527815611277e-01
4.945716104783637879e-01
6.713703197539901968e-01
3.415728059208653078e-01
5.067495466863346509e-01
5.949720437027073983e-01
4.520442195640600458e-01
5.077498417562714694e-01
4.520442195640600458e-01
3.763711741831209934e-01
5.138180393761463405e-01
4.921060095147972158e-01
4.237179624840988201e-01
7.307542772460478009e-01
3.985751724268367657e-01
5.093533537317316284e-01
4.921060095147972158e-01
4.921060095147972158e-01
3.726398486510889008e-01
5.576006266643463993e-01
5.453602756790971728e-01
4.470651054158512050e-01
6.332905598307063677e-01
2.989474553759376430e-01
4.635966518594177854e-01
5.529543394903093656e-01
3.930217799156367486e-01
4.613475781213642324e-01
3.930217799156367486e-01
3.291928898215563670e-01
4.478009620336087515e-01
4.282988375315605611e-01
3.816456641732112742e-01
6.914475109120475915e-01
3.480244203115009372e-01
4.416203917139234214e-01
4.282988375315605611e-01
4.282988375315605611e-01
4.732939747421280874e-01
6.779612737493712071e-01
6.732324665662950958e-01
5.419141938399278935e-01
7.397134342001443486e-01
3.587699291616783248e-01
5.517715971444591139e-01
6.542238386870989908e-01
4.973781755550550909e-01
5.565127123944463294e-01
4.973781755550550909e-01
3.998636524793035552e-01
5.910867822645975433e-01
5.561954568335771842e-01
4.550662559133694662e-01
8.307344053625745905e-01
4.269847217775515902e-01
5.872636957505987798e-01
5.561954568335771842e-01
5.561954568335771842e-01
6.505902360772344295e-01
7.842069600992526146e-01
7.861288901351201064e-01
6.675567558730463036e-01
8.200639303469784425e-01
4.882527707195497557e-01
6.646310228678954379e-01
7.533967259622847967e-01
6.636646543185630298e-01
6.774762965253455782e-01
6.636646543185630298e-01
5.408104994409762556e-01
7.568364043567433752e-01
7.247523195624087089e-01
5.736888033253828567e-01
8.928157635784764734e-01
5.761607947372695548e-01
7.584877197525597969e-01
7.247523195624087089e-01
7.247523195624087089e-01
2.533182286095190250e-01
4.001440569041557205e-01
3.846876758495643145e-01
3.213450585497811263e-01
4.784409544897252342e-01
2.155742844238615064e-01
3.414732507822405561e-01
4.108604582861953292e-01
2.686154108261963325e-01
3.337981769556255252e-01
2.686154108261963325e-01
2.341935434753460443e-01
2.971033615740130696e-01
2.871596136385320408e-01
2.796980045612654231e-01
5.017135342178579149e-01
2.449167514572932747e-01
2.915269377973215281e-01
2.871596136385320408e-01
2.871596136385320408e-01
3.782990388762922374e-01
5.742865391275404630e-01
5.623656504179086468e-01
4.573048966771987023e-01
6.505708934043948899e-01
3.021340063629974759e-01
4.739560839506677947e-01
5.672151521281498798e-01
4.003894192947069497e-01
4.721449778755724691e-01
4.003894192947069497e-01
3.334568953017175708e-01
4.597636293337302171e-01
4.383876466711578712e-01
3.885352464405773532e-01
7.164999513799314990e-01
3.530370913013127221e-01
4.530273807173787470e-01
4.383876466711578712e-01
4.383876466711578712e-01
3.050248397325341920e-01
6.161701137305717335e-01
6.046061640695359340e-01
4.576544143457035863e-01
7.022530642093690600e-01
2.716221364567977248e-01
4.808879516381957542e-01
5.970634752560082248e-01
3.506354289383446510e-01
4.772932003646656041e-01
3.506354289383446510e-01
3.002179884785505792e-01
3.924342798512346908e-01
3.797508207109032141e-01
3.787817747786473288e-01
8.389155548368201210e-01
3.164471371601123018e-01
3.450534902598144105e-01
3.797508207109032141e-01
3.797508207109032141e-01
3.352028802086865489e-01
4.810949797515612358e-01
4.687130255945425317e-01
3.946034082222542039e-01
5.516795020427703866e-01
2.751784943224399593e-01
4.103913322186799606e-01
4.838774605935231565e-01
3.502588960558360998e-01
4.066316571693239790e-01
3.502588960558360998e-01
3.001227723476753706e-01
3.896148884988152039e-01
3.759873282606011058e-01
3.429188440585508868e-01
5.852407691926223565e-01
3.153517652353637901e-01
3.850170842475837407e-01
3.759873282606011058e-01
3.759873282606011058e-01
3.050248397325341920e-01
6.161701137305717335e-01
6.046061640695359340e-01
4.576544143457035863e-01
7.022530642093690600e-01
2.716221364567977248e-01
4.808879516381957542e-01
5.970634752560082248e-01
3.506354289383446510e-01
4.772932003646656041e-01
3.506354289383446510e-01
3.002179884785505792e-01
3.924342798512346908e-01
3.797508207109032141e-01
3.787817747786473288e-01
8.389155548368201210e-01
3.164471371601123018e-01
3.450534902598144105e-01
3.797508207109032141e-01
3.797508207109032141e-01
3.050248397325341920e-01
6.161701137305717335e-01
6.046061640695359340e-01
4.576544143457035863e-01
7.022530642093690600e-01
2.716221364567977248e-01
4.808879516381957542e-01
5.970634752560082248e-01
3.506354289383446510e-01
4.772932003646656041e-01
3.506354289383446510e-01
3.002179884785505792e-01
3.924342798512346908e-01
3.797508207109032141e-01
3.787817747786473288e-01
8.389155548368201210e-01
3.164471371601123018e-01
3.450534902598144105e-01
3.797508207109032141e-01
3.797508207109032141e-01
3.050248397325341920e-01
6.161701137305717335e-01
6.046061640695359340e-01
4.576544143457035863e-01
7.022530642093690600e-01
2.716221364567977248e-01
4.808879516381957542e-01
5.970634752560082248e-01
3.506354289383446510e-01
4.772932003646656041e-01
3.506354289383446510e-01
3.002179884785505792e-01
3.924342798512346908e-01
3.797508207109032141e-01
3.787817747786473288e-01
8.389155548368201210e-01
3.164471371601123018e-01
3.450534902598144105e-01
3.797508207109032141e-01
3.797508207109032141e-01
3.050248397325341920e-01
6.161701137305717335e-01
6.046061640695359340e-01
4.576544143457035863e-01
7.022530642093690600e-01
2.716221364567977248e-01
4.808879516381957542e-01
5.970634752560082248e-01
3.506354289383446510e-01
4.772932003646656041e-01
3.506354289383446510e-01
3.002179884785505792e-01
3.924342798512346908e-01
3.797508207109032141e-01
3.787817747786473288e-01
8.389155548368201210e-01
3.164471371601123018e-01
3.450534902598144105e-01
3.797508207109032141e-01
3.797508207109032141e-01
3.050248397325341920e-01
6.161701137305717335e-01
6.046061640695359340e-01
4.576544143457035863e-01
7.022530642093690600e-01
2.716221364567977248e-01
4.808879516381957542e-01
5.970634752560082248e-01
3.506354289383446510e-01
4.772932003646656041e-01
3.506354289383446510e-01
3.002179884785505792e-01
3.924342798512346908e-01
3.797508207109032141e-01
3.787817747786473288e-01
8.389155548368201210e-01
3.164471371601123018e-01
3.450534902598144105e-01
3.797508207109032141e-01
3.797508207109032141e-01
3.050248397325341920e-01
6.161701137305717335e-01
6.046061640695359340e-01
4.576544143457035863e-01
7.022530642093690600e-01
2.716221364567977248e-01
4.808879516381957542e-01
5.970634752560082248e-01
3.506354289383446510e-01
4.772932003646656041e-01
3.506354289383446510e-01
3.002179884785505792e-01
3.924342798512346908e-01
3.797508207109032141e-01
3.787817747786473288e-01
8.389155548368201210e-01
3.164471371601123018e-01
3.450534902598144105e-01
3.797508207109032141e-01
3.797508207109032141e-01
4.712599500500235239e-01
6.431674361868736645e-01
6.360016825689374098e-01
5.278170482553662390e-01
7.050674885762615585e-01
3.661276854586308915e-01
5.376350614175223752e-01
6.284068605600674484e-01
4.898741251560064236e-01
5.408217099203684874e-01
4.898741251560064236e-01
4.044504607804720320e-01
5.599062086182728937e-01
5.352309708927247556e-01
4.511190404345598037e-01
7.709878965834181530e-01
4.292639415225232846e-01
5.561664755249101644e-01
5.352309708927247556e-01
5.352309708927247556e-01
3.050248397325341920e-01
6.161701137305717335e-01
6.046061640695359340e-01
4.576544143457035863e-01
7.022530642093690600e-01
2.716221364567977248e-01
4.808879516381957542e-01
5.970634752560082248e-01
3.506354289383446510e-01
4.772932003646656041e-01
3.506354289383446510e-01
3.002179884785505792e-01
3.924342798512346908e-01
3.797508207109032141e-01
3.787817747786473288e-01
8.389155548368201210e-01
3.164471371601123018e-01
3.450534902598144105e-01
3.797508207109032141e-01
3.797508207109032141e-01
5.179889708586425945e-01
5.804136268560726730e-01
5.866489824686225152e-01
4.438466512281684651e-01
5.620157520386243055e-01
5.234358425476227650e-01
4.515798163119641995e-01
4.515798163119641995e-01
4.515798163119641995e-01
5.357336138958029848e-01
4.052135370686417715e-01
4.261157320577798058e-01
6.189891442653157050e-01
6.654190410708026304e-01
6.379929635222290063e-01
7.303742310353356082e-01
5.088146481191617720e-01
5.088146481191617720e-01
5.561561344726997369e-01
4.915989549192618102e-01
4.909315948931781137e-01
5.605091646180717646e-01
5.671218191126732311e-01
4.173893420960259060e-01
5.430787295203518550e-01
5.035478027556030689e-01
4.187512294946176827e-01
4.187512294946176827e-01
4.187512294946176827e-01
5.165022040785550717e-01
3.792009499167880437e-01
3.992246518777264330e-01
6.031852586320368692e-01
6.533294346502754868e-01
6.253255137706650313e-01
7.246148157834269021e-01
4.743164002654847167e-01
4.743164002654847167e-01
5.366412967920705102e-01
4.582373853534726371e-01
4.807990669712317588e-01
5.469874550898801147e-01
5.531565135329622462e-01
4.117844395336219265e-01
5.317158776294725886e-01
4.943024820259578900e-01
4.135161374052936933e-01
4.135161374052936933e-01
4.135161374052936933e-01
5.067525258921823372e-01
3.753231313946212011e-01
3.945223398067417842e-01
5.885724289499644213e-01
6.366569692298076344e-01
6.125172072989212291e-01
7.016087201198184520e-01
4.649107928345161955e-01
4.649107928345161955e-01
5.254527857535197244e-01
4.502374127211071775e-01
7.328230942609621490e-01
7.714807892565967995e-01
7.778923010977303321e-01
6.309714783070937694e-01
7.359136369822173451e-01
6.915794454309773798e-01
6.742924320864258636e-01
6.742924320864258636e-01
6.742924320864258636e-01
7.027331926332955891e-01
5.803033077253956229e-01
6.108972703278349181e-01
7.921223816227489500e-01
8.283352008927845622e-01
7.832748284679877937e-01
8.919210476340446725e-01
7.635702696700383818e-01
7.635702696700383818e-01
7.324923185427353323e-01
7.322100784339965474e-01
5.184499285546106950e-01
5.808349923058070408e-01
5.870717446560379527e-01
4.442405630767531921e-01
5.623971747618604633e-01
5.238003868918532646e-01
4.520442195640600458e-01
4.520442195640600458e-01
4.520442195640600458e-01
5.360970883251996444e-01
4.055790355654942947e-01
4.265027306593302536e-01
6.193765771471040349e-01
6.657899113004053238e-01
6.383193311027678396e-01
7.307542772460478009e-01
5.093533537317316284e-01
5.093533537317316284e-01
5.565420797308265888e-01
4.921060095147972158e-01
4.620786404213378384e-01
5.314865588340649261e-01
5.377250286182794214e-01
3.951101422698508059e-01
5.175992057668573620e-01
4.803477812080362841e-01
3.930217799156367486e-01
3.930217799156367486e-01
3.930217799156367486e-01
4.930203411185403173e-01
3.595087647047756074e-01
3.778982326474046860e-01
5.752134121712051407e-01
6.248428379450197134e-01
6.016812423271664656e-01
6.914475109120475915e-01
4.416203917139234214e-01
4.416203917139234214e-01
5.110451901126349394e-01
4.282988375315605611e-01
5.824594286044162406e-01
6.514042080018038750e-01
6.595191649440620418e-01
4.825335084621105719e-01
6.198396991144347057e-01
5.720185006227518354e-01
4.973781755550550909e-01
4.973781755550550909e-01
4.973781755550550909e-01
5.859542787004718978e-01
4.350286873650295316e-01
4.608352494443644365e-01
6.892276030249029350e-01
7.410167771311330087e-01
6.951001113150458988e-01
8.307344053625745905e-01
5.872636957505987798e-01
5.872636957505987798e-01
6.138912548796282564e-01
5.561954568335771842e-01
7.255513791786022404e-01
7.662676040800771027e-01
7.729925701584355879e-01
6.200216173664543362e-01
7.293361043575375957e-01
6.836269242759627218e-01
6.636646543185630298e-01
6.636646543185630298e-01
6.636646543185630298e-01
6.951760423626450747e-01
5.682744405757907957e-01
5.993071005060979228e-01
7.878249540421105035e-01
8.256135931187992272e-01
7.786948299999972845e-01
8.928157635784764734e-01
7.584877197525597969e-01
7.584877197525597969e-01
7.257427990089334591e-01
7.247523195624087089e-01
3.183638757601502389e-01
3.778114228737178837e-01
3.819726109391125557e-01
2.807105190716424614e-01
3.783938258635015095e-01
3.536434220355020863e-01
2.686154108261963325e-01
2.686154108261963325e-01
2.686154108261963325e-01
3.640084880660770517e-01
2.578207799217306917e-01
2.686667211673164912e-01
4.202355164050931013e-01
4.623115012681665581e-01
4.625000340600999293e-01
5.017135342178579149e-01
2.915269377973215281e-01
2.915269377973215281e-01
3.720837576878522901e-01
2.871596136385320408e-01
4.743705052251539489e-01
5.470864270772881621e-01
5.537732663104452113e-01
4.027853090368358480e-01
5.309034248479573836e-01
4.914993690885760547e-01
4.003894192947069497e-01
4.003894192947069497e-01
4.003894192947069497e-01
5.046612816154777414e-01
3.654051500255949270e-01
3.846656380182873480e-01
5.917643311488498536e-01
6.433711348376485173e-01
6.161288555725323857e-01
7.164999513799314990e-01
4.530273807173787470e-01
4.530273807173787470e-01
5.241963171559795853e-01
4.383876466711578712e-01
4.703983026335910589e-01
5.792076226608349199e-01
5.892337695107696671e-01
3.854299705745326543e-01
5.524901676731326372e-01
5.023385628800401959e-01
3.506354289383446510e-01
3.506354289383446510e-01
3.506354289383446510e-01
5.185905405734666518e-01
3.437666047346615850e-01
3.630735855570622617e-01
6.347577039261235177e-01
7.024965869243673389e-01
6.512410395629367743e-01
8.389155548368201210e-01
3.450534902598144105e-01
3.450534902598144105e-01
5.441345585748482705e-01
3.797508207109032141e-01
4.026028896842977489e-01
4.593584822498649745e-01
4.640394168631234439e-01
3.525738655854829817e-01
4.528534132935612688e-01
4.239285221395847625e-01
3.502588960558360998e-01
3.502588960558360998e-01
3.502588960558360998e-01
4.345648863065573186e-01
3.243144434654396946e-01
3.389244861765651762e-01
4.982127481890627485e-01
5.397942525916900047e-01
5.304852026310635793e-01
5.852407691926223565e-01
3.850170842475837407e-01
3.850170842475837407e-01
4.470254835843255892e-01
3.759873282606011058e-01
4.703983026335910589e-01
5.792076226608349199e-01
5.892337695107696671e-01
3.854299705745326543e-01
5.524901676731326372e-01
5.023385628800401959e-01
3.506354289383446510e-01
3.506354289383446510e-01
3.506354289383446510e-01
5.185905405734666518e-01
3.437666047346615850e-01
3.630735855570622617e-01
6.347577039261235177e-01
7.024965869243673389e-01
6.512410395629367743e-01
8.389155548368201210e-01
3.450534902598144105e-01
3.450534902598144105e-01
5.441345585748482705e-01
3.797508207109032141e-01
4.703983026335910589e-01
5.792076226608349199e-01
5.892337695107696671e-01
3.854299705745326543e-01
5.524901676731326372e-01
5.023385628800401959e-01
3.506354289383446510e-01
3.506354289383446510e-01
3.506354289383446510e-01
5.185905405734666518e-01
3.437666047346615850e-01
3.630735855570622617e-01
6.347577039261235177e-01
7.024965869243673389e-01
6.512410395629367743e-01
8.389155548368201210e-01
3.450534902598144105e-01
3.450534902598144105e-01
5.441345585748482705e-01
3.797508207109032141e-01
4.703983026335910589e-01
5.792076226608349199e-01
5.892337695107696671e-01
3.854299705745326543e-01
5.524901676731326372e-01
5.023385628800401959e-01
3.506354289383446510e-01
3.506354289383446510e-01
3.506354289383446510e-01
5.185905405734666518e-01
3.437666047346615850e-01
3.630735855570622617e-01
6.347577039261235177e-01
7.024965869243673389e-01
6.512410395629367743e-01
8.389155548368201210e-01
3.450534902598144105e-01
3.450534902598144105e-01
5.441345585748482705e-01
3.797508207109032141e-01
4.703983026335910589e-01
5.792076226608349199e-01
5.892337695107696671e-01
3.854299705745326543e-01
5.524901676731326372e-01
5.023385628800401959e-01
3.506354289383446510e-01
3.506354289383446510e-01
3.506354289383446510e-01
5.185905405734666518e-01
3.437666047346615850e-01
3.630735855570622617e-01
6.347577039261235177e-01
7.024965869243673389e-01
6.512410395629367743e-01
8.389155548368201210e-01
3.450534902598144105e-01
3.450534902598144105e-01
5.441345585748482705e-01
3.797508207109032141e-01
4.703983026335910589e-01
5.792076226608349199e-01
5.892337695107696671e-01
3.854299705745326543e-01
5.524901676731326372e-01
5.023385628800401959e-01
3.506354289383446510e-01
3.506354289383446510e-01
3.506354289383446510e-01
5.185905405734666518e-01
3.437666047346615850e-01
3.630735855570622617e-01
6.347577039261235177e-01
7.024965869243673389e-01
6.512410395629367743e-01
8.389155548368201210e-01
3.450534902598144105e-01
3.450534902598144105e-01
5.441345585748482705e-01
3.797508207109032141e-01
4.703983026335910589e-01
5.792076226608349199e-01
5.892337695107696671e-01
3.854299705745326543e-01
5.524901676731326372e-01
5.023385628800401959e-01
3.506354289383446510e-01
3.506354289383446510e-01
3.506354289383446510e-01
5.185905405734666518e-01
3.437666047346615850e-01
3.630735855570622617e-01
6.347577039261235177e-01
7.024965869243673389e-01
6.512410395629367743e-01
8.389155548368201210e-01
3.450534902598144105e-01
3.450534902598144105e-01
5.441345585748482705e-01
3.797508207109032141e-01
5.586133138870779113e-01
6.194686707781966728e-01
6.260598850250704839e-01
4.763113860866599603e-01
5.966038384518015381e-01
5.555030545520863727e-01
4.898741251560064236e-01
4.898741251560064236e-01
4.898741251560064236e-01
5.679911755681597008e-01
4.343981593781668371e-01
4.575132047945262848e-01
6.558270598039549482e-01
7.020182079620738147e-01
6.689880629663939038e-01
7.709878965834181530e-01
5.561664755249101644e-01
5.561664755249101644e-01
5.910175688816038386e-01
5.352309708927247556e-01
4.703983026335910589e-01
5.792076226608349199e-01
5.892337695107696671e-01
3.854299705745326543e-01
5.524901676731326372e-01
5.023385628800401959e-01
3.506354289383446510e-01
3.506354289383446510e-01
3.506354289383446510e-01
5.185905405734666518e-01
3.437666047346615850e-01
3.630735855570622617e-01
6.347577039261235177e-01
7.024965869243673389e-01
6.512410395629367743e-01
8.389155548368201210e-01
3.450534902598144105e-01
3.450534902598144105e-01
5.441345585748482705e-01
3.797508207109032141e-01
